6.538477631085022779e+01
6.831370849898473807e+01
0.000000000000000000e+00
2.414213562373094923e+00
7.887005768508878134e+01
1.049705627484771071e+02
2.828427124746190291e+00
6.789949493661164581e+01
1.045563491861040148e+02
8.728427124746185939e+01
8.252691193458116459e+01
7.745584412271568908e+01
5.131370849898475939e+01
2.807106781186547551e+01
8.145584412271568908e+01
7.397056274847712132e+01
4.121320343559641231e+01
5.314213562373094391e+01
8.304163056034258261e+01
4.414213562373094923e+00
5.472792206135785165e+01
8.552691193458112195e+01
1.107106781186547551e+01
5.089949493661166002e+01
1.003847763108502136e+02
9.655634918610402906e+01
8.321320343559639809e+01
5.189949493661166002e+01
0.000000000000000000e+00
6.787005768508879555e+01
8.204163056034258261e+01
1.900000000000000000e+01
6.414213562373094923e+00
7.345584412271568908e+01
2.000000000000000000e+00
8.611269837220805812e+01
8.618376618407353362e+01
8.835533905932734910e+01
8.504163056034258261e+01
8.145584412271568908e+01
8.979898987322330584e+01
8.187005768508878134e+01
8.504163056034258261e+01
5.172792206135785165e+01
5.148528137423856776e+01
9.138477631085019937e+01
5.579898987322332715e+01
9.828427124746189847e+00
2.000000000000000000e+00
8.587005768508876713e+01
5.242640687119285658e+00
5.414213562373094923e+00
7.897056274847712132e+01
5.531370849898475228e+01
3.414213562373094923e+00
3.982842712474618452e+01
7.255634918610402906e+01
7.545584412271568908e+01
5.114213562373094391e+01
8.287005768508876713e+01
5.797056274847713553e+01
0.000000000000000000e+00
7.242640687119284770e+00
5.697056274847713553e+01
8.162741699796949035e+01
3.828427124746189847e+00
5.828427124746189847e+00
8.345584412271567487e+01
5.397056274847713553e+01
8.656854249492379694e+00
8.511269837220805812e+01
5.472792206135784454e+01
5.242640687119284770e+00
9.485281374238571317e+00
8.045584412271568908e+01
7.031370849898473807e+01
4.404163056034260393e+01
5.738477631085023489e+01
8.145584412271568908e+01
8.204163056034258261e+01
1.414213562373095145e+00
8.562741699796949035e+01
8.997056274847710711e+01
1.003847763108502136e+02
5.297056274847713553e+01
7.169848480983498007e+01
2.241421356237309581e+01
6.414213562373094923e+00
3.865685424949237614e+01
8.594112549695424264e+01
3.341421356237309226e+01
1.000000000000000000e+00
3.828427124746189847e+00
7.814213562373093680e+01
5.372792206135784454e+01
7.828427124746189847e+00
8.369848480983496586e+01
3.924264068711927678e+01
8.204163056034258261e+01
4.179898987322332005e+01
8.552691193458115038e+01
7.745584412271568908e+01
8.287005768508876713e+01
1.039705627484771071e+02
5.031370849898474518e+01
8.228427124746187360e+01
5.897056274847713553e+01
3.414213562373094923e+00
8.521320343559639809e+01
1.000000000000000000e+00
9.221320343559638388e+01
0.000000000000000000e+00
0.000000000000000000e+00
5.372792206135784454e+01
1.414213562373095145e+00
8.769848480983496586e+01
8.397056274847712132e+01
6.589949493661164581e+01
8.479898987322329162e+01
7.414213562373094923e+00
5.397056274847713553e+01
5.189949493661166002e+01
8.045584412271568908e+01
1.082842712474618985e+01
8.004163056034258261e+01
8.242640687119283882e+00
5.828427124746189847e+00
8.245584412271566066e+01
8.845584412271567487e+01
8.221320343559641231e+01
7.304163056034259682e+01
7.821320343559641231e+01
6.889949493661164581e+01
8.276955262170044136e+01
8.104163056034258261e+01
8.638477631085019937e+01
8.387005768508876713e+01
5.931370849898475228e+01
5.255634918610404327e+01
6.989949493661164581e+01
3.207106781186547551e+01
3.414213562373094923e+00
8.055634918610402906e+01
8.045584412271568908e+01
0.000000000000000000e+00
1.000000000000000000e+00
4.165685424949237614e+01
2.414213562373094923e+00
4.242640687119285658e+00
5.631370849898475228e+01
8.921320343559639809e+01
2.414213562373094923e+00
2.124264068711928388e+01
6.414213562373094923e+00
3.414213562373094923e+00
7.355634918610402906e+01
8.204163056034258261e+01
7.071067811865475505e+00
9.138477631085019937e+01
3.865685424949237614e+01
8.228427124746187360e+01
8.845584412271567487e+01
2.414213562373094923e+00
5.689949493661166002e+01
1.000000000000000000e+00
8.362741699796949035e+01
8.745584412271567487e+01
5.231370849898475228e+01
8.004163056034258261e+01
6.945584412271570329e+01
8.579898987322330584e+01
7.969848480983496586e+01
2.414213562373094923e+00
8.594112549695424264e+01
8.521320343559638388e+01
2.000000000000000000e+00
7.945584412271567487e+01
5.614213562373094391e+01
5.414213562373094923e+00
5.372792206135784454e+01
6.889949493661164581e+01
8.711269837220805812e+01
3.000000000000000000e+00
7.645584412271568908e+01
8.187005768508876713e+01
7.787005768508878134e+01
6.889949493661164581e+01
2.414213562373094923e+00
4.000000000000000000e+00
8.018376618407353362e+01
7.804163056034259682e+01
7.189949493661164581e+01
2.828427124746190291e+00
1.041421356237309581e+01
7.814213562373093680e+01
1.000000000000000000e+00
6.897056274847713553e+01
7.504163056034259682e+01
5.289949493661166002e+01
8.045584412271568908e+01
